test/images\common1.jpg 84364520017129483550,10,3270,1320,3480,1936,1^84364520017679594198,10,2863,472,3064,1078,2^84364520017138621012,10,2522,1313,2732,1929,3^84364520017269664435,10,260,1327,461,1933,4^84364520017268179934,10,3623,477,3833,1093,5^84364520016915444183,10,994,2181,1204,2797,6^84364520017686525655,10,606,510,807,1116,7^84364520015244952673,10,1749,2175,1959,2781,8^84364520016778097961,10,266,2201,467,2807,9^84364520017043320981,10,2511,2193,2712,2809,10^84364520017682412553,10,1027,1332,1228,1948,11^84364520016906021739,10,3258,2201,3468,2807,12^,10,1366,497,1567,1103,13^84364520016927559019,10,1775,1332,1976,1948,14^,10,2115,485,2316,1091,15 0.309s
test/images\common2.jpg ,10,1617,598,1827,1204,1^84364520016906021739,10,3126,623,3336,1229,2^84364520016778097961,10,134,623,335,1229,3^,10,862,598,1072,1204,4^,10,2379,609,2580,1225,5 0.056s
test/images\common3.jpg 84364520017129483550,10,3270,1414,3480,2030,1^84364520016778097961,10,291,529,492,1135,2^84364520017138621012,10,2523,1395,2724,2011,3^84364520017269664435,10,266,1358,467,1964,4^84364520016927559019,10,1775,1389,1976,2005,5^,10,1027,522,1228,1128,6^84364520017682412553,10,1027,1376,1228,1992,7^84364520016906021739,10,3283,534,3493,1150,8^84364520017043320981,10,2536,522,2737,1128,9^,10,1774,516,1984,1122,10 0.071s
test/images\common4.jpg 84364520017129483550,10,3270,1414,3480,2030,1^84364520016778097961,10,291,529,492,1135,2^84364520017138621012,10,2523,1395,2724,2011,3^84364520017269664435,10,266,1358,467,1964,4^84364520016927559019,10,1775,1389,1976,2005,5^,10,1027,522,1228,1128,6^84364520016906021739,10,3283,528,3493,1144,7^84364520017682412553,10,1027,1376,1228,1992,8^84364520017043320981,10,2536,522,2737,1128,9^,10,1774,516,1984,1122,10 0.07s
test/images\common5).jpg 84364520017129483550,10,3270,1408,3480,2024,1^84364520016778097961,10,291,522,492,1128,2^84364520017679594198,10,2831,2281,3032,2897,3^84364520017138621012,10,2523,1389,2724,2005,4^84364520016927559019,10,1775,1389,1976,2005,5^84364520017269664435,10,266,1352,467,1958,6^84364520017682412553,10,1027,1376,1228,1992,7^84364520016906021739,10,3283,529,3493,1135,8^,10,1027,522,1228,1128,9^84364520017686525655,10,574,2251,775,2857,10^84364520017043320981,10,2536,522,2737,1128,11^84364520017268179934,10,3585,2320,3795,2926,12^84364520017132119002,10,1335,2257,1536,2863,13^,10,1775,510,1976,1116,14^84364520016926900747,10,2083,2270,2284,2876,15 0.085s
test/images\common_1.jpg 6924647722719,10,2551,1386,2710,1764,1^6924647722719,10,1435,1393,1594,1762,2^6924647722719,10,2071,1392,2230,1770,3^6924647722719,10,1117,1386,1276,1764,4^6924647722719,10,1597,1399,1756,1768,5^6975026065552,10,1155,981,1297,1333,6^6975026065552,10,2205,969,2347,1321,7^6924647722719,10,1915,1398,2074,1776,8^6924647722719,10,1753,1399,1912,1768,9^6975026065552,10,2055,969,2197,1321,10^6975026065552,10,1905,975,2047,1327,11^6975026065552,10,2504,981,2655,1333,12^6975026065552,10,1755,969,1897,1321,13^6924647722719,10,1273,1393,1432,1762,14^6975026065552,10,2355,975,2497,1327,15^6975026065552,10,1605,969,1747,1321,16^6924647722719,10,2233,1387,2392,1756,17^6975026065552,10,1449,969,1591,1321,18^6975026065552,10,1299,969,1441,1321,19^6924647722719,10,2395,1386,2554,1764,20 0.08s
test/images\common_10.jpg 241010307164,10,2053,787,2296,1660,1^241010307164,10,2652,747,2904,1645,2^241010307164,10,1476,783,1728,1681,3 0.053s
test/images\common_11.jpg 241010307164,10,2053,786,2296,1668,1^241010307164,10,2652,747,2904,1645,2^241010307164,10,1476,783,1728,1681,3 0.053s
test/images\common_12.jpg 241010307164,10,2053,787,2296,1660,1^241010307164,10,2652,747,2904,1645,2^241010307164,10,1476,783,1728,1681,3 0.053s
test/images\common_13.jpg 241010307164,10,2053,787,2296,1660,1^241010307164,10,2652,747,2904,1645,2^241010307164,10,1476,783,1728,1681,3 0.052s
test/images\common_14.jpg 241010307164,10,2047,787,2290,1660,1^241010307164,10,2652,747,2904,1645,2^241010307164,10,1476,783,1728,1681,3 0.052s
test/images\common_15.jpg 241010307164,10,2047,787,2290,1660,1^241010307164,10,2652,747,2904,1645,2^241010307164,10,1476,783,1728,1681,3 0.054s
test/images\common_16.jpg 241010307164,10,1506,397,2388,640,1^241010307164,10,1516,1003,2406,1246,2^241010307164,10,1561,1586,2392,1821,3 0.05s
test/images\common_17.jpg 241010307164,10,1509,1009,2407,1252,1^241010307164,10,1506,402,2388,654,2^241010307164,10,1472,1588,2421,1848,3 0.052s
test/images\common_2.jpg 241010307164,10,2058,787,2310,1660,1^241010307164,10,2664,772,2916,1620,2^241010307164,10,1476,777,1728,1675,3 0.052s
test/images\common_3.jpg 241010307164,10,2053,787,2296,1660,1^241010307164,10,2658,748,2910,1638,2^241010307164,10,1476,776,1728,1683,3 0.051s
test/images\common_4.jpg 241010307164,10,2053,787,2296,1660,1^241010307164,10,2652,748,2904,1638,2^241010307164,10,1476,777,1728,1675,3 0.052s
test/images\common_5.jpg 241010307164,10,2053,787,2296,1660,1^241010307164,10,2652,748,2904,1638,2^241010307164,10,1476,777,1728,1675,3 0.055s
test/images\common_6.jpg 241010307164,10,2053,787,2296,1660,1^241010307164,10,2652,747,2904,1645,2^241010307164,10,1476,777,1728,1675,3 0.053s
test/images\common_7.jpg 241010307164,10,2053,786,2296,1668,1^241010307164,10,2652,748,2904,1638,2^241010307164,10,1476,777,1728,1675,3 0.053s
test/images\common_8.jpg 241010307164,10,2053,787,2296,1660,1^241010307164,10,2652,748,2904,1638,2^241010307164,10,1476,777,1728,1675,3 0.054s
test/images\common_9.jpg 241010307164,10,2053,786,2296,1668,1^241010307164,10,2652,748,2904,1638,2^241010307164,10,1476,777,1728,1675,3 0.053s
test/images\dark_1.jpg ,10,961,379,1372,496,1^,10,955,529,1366,646,2^,10,2437,1507,2848,1624,3^,10,2425,613,2836,730,4^,10,2412,463,2832,580,5^81644230009863782431,10,943,979,1354,1096,6^,10,2437,1357,2848,1474,7^,10,943,680,1354,789,8^,10,2431,1213,2842,1330,9^,10,932,1273,1335,1390,10^81644230009851588492,10,932,1417,1335,1534,11^,10,937,1123,1348,1240,12^,10,2437,913,2848,1030,13^,10,2406,319,2826,436,14^81644230009850839250,10,962,1705,1365,1822,15^,10,2431,1632,2842,1758,16^81644230010223534681,10,2437,1069,2848,1186,17^,10,2431,763,2842,880,18^,10,931,1567,1342,1684,19^81644230009865287556,10,943,823,1354,940,20 0.075s
test/images\dark_2.jpg ,10,2631,894,2773,1314,1^,10,2835,894,2977,1314,2^,10,1623,924,1765,1344,3^,10,2432,900,2583,1320,4^,10,3033,888,3175,1308,5^,10,1827,912,1969,1332,6^,10,2228,900,2379,1320,7^,10,1424,936,1575,1356,8^,10,1220,954,1371,1374,9^,10,2031,906,2173,1326,10 0.054s
test/images\dark_3.jpg ,10,1227,643,1369,1054,1^84200050027841726517,10,1431,643,1573,1054,2^,10,429,649,571,1060,3^,10,2234,630,2385,1050,4^,10,2037,630,2179,1050,5^,10,1029,643,1171,1054,6^,10,1821,1098,1963,1518,7^,10,831,649,973,1060,8^,10,2431,1527,2842,1669,9^,10,2431,1328,2842,1479,10^,10,2443,1124,2854,1275,11^84200050027841523588,10,1833,630,1975,1050,12^,10,2437,1731,2848,1873,13^,10,2443,722,2854,873,14^,10,633,649,775,1060,15^,10,2449,927,2860,1069,16^84200050027840925992,10,1623,1110,1765,1530,17^,10,1629,636,1771,1056,18^,10,2443,519,2854,661,19^,10,2437,321,2848,463,20^84200050027840427608,10,621,1116,763,1536,21^84200050027841122257,10,2025,1104,2167,1524,22^84200050027840625547,10,1023,1111,1165,1522,23^84200050027840823667,10,1425,1116,1567,1536,24^,10,2431,1922,2842,2073,25^,10,423,1122,565,1542,26^,10,819,1117,961,1528,27^,10,1221,1117,1363,1528,28^,10,2436,110,2856,261,29^,10,2223,1110,2365,1530,30 0.103s
test/images\dark_4.jpg ,10,2452,1540,2880,1674,1^83616540020360736244,10,1042,1198,1470,1332,2^,10,1044,1521,1464,1663,3^83616540020360099749,10,1042,1359,1470,1501,4^,10,1044,1683,1464,1825,5^83616540020361277779,10,1060,538,1488,672,6^83616540020349385713,10,2434,874,2862,1008,7^83616540020332685902,10,2452,1378,2880,1512,8^,10,1066,369,1494,511,9^,10,2452,1695,2880,1837,10^83616540020333003662,10,2451,1210,2887,1344,11^,10,2410,375,2838,517,12^,10,1042,1030,1470,1164,13^,10,2422,537,2850,679,14^83616540020331402242,10,2446,1042,2874,1176,15^,10,1041,868,1477,1002,16^,10,1077,200,1513,351,17^83616540020360473568,10,1054,700,1482,834,18^83616540020331884072,10,2428,706,2856,840,19^,10,2391,206,2827,357,20 0.082s
test/images\overexposure_1.jpg ,10,2271,1509,2581,1651,1^,10,1731,1238,2041,1389,2^,10,2001,1254,2311,1380,3^,10,1197,1521,1507,1663,4^,10,1462,1260,1764,1386,5^,10,2008,1509,2310,1651,6^,10,1467,1522,1777,1656,7^,10,1736,1501,2055,1660,8^,10,1198,1251,1500,1393,9^,10,2265,1244,2575,1395,10 0.055s
test/images\overexposure_2.jpg ,10,1334,315,1485,625,1^,10,1339,1131,1498,1441,2^,10,1340,1401,1491,1711,3^,10,1334,592,1485,894,4^,10,1334,861,1485,1171,5^,10,1596,1395,1764,1705,6^,10,2143,303,2302,613,7^,10,2150,1389,2301,1699,8^,10,1886,1390,2037,1692,9^,10,2150,1119,2301,1429,10^,10,1873,303,2032,613,11^,10,2151,841,2293,1168,12^,10,2151,579,2293,889,13^,10,1881,1119,2023,1429,14^,10,1881,850,2023,1152,15^,10,1598,309,1749,619,16^,10,1893,573,2035,883,17^,10,1599,591,1741,901,18^,10,1610,1125,1761,1435,19^,10,1618,862,1752,1164,20 0.083s
test/images\overexposure_3.jpg 83616540020360736244,10,2158,1246,2292,1674,1^,10,1828,1245,1962,1681,2^83616540020383990622,10,1330,1242,1464,1662,3^,10,2487,1228,2629,1656,4^83616540020360473568,10,1660,1246,1794,1674,5^,10,1990,1246,2124,1674,6^83616540020361277779,10,1498,1246,1632,1674,7^,10,1167,1234,1309,1662,8^83616540020360099749,10,2325,1234,2467,1662,9^,10,2649,1228,2791,1656,10 0.062s
test/images\overexposure_4.jpg 83616540020332685902,10,1954,1492,2382,1626,1^,10,1293,966,1729,1092,2^83616540020361277779,10,1300,634,1728,768,3^83616540020360736244,10,1300,1294,1728,1428,4^,10,1312,1779,1740,1921,5^,10,1306,297,1734,439,6^83616540020360099749,10,1306,1455,1734,1597,7^83616540020332521699,10,1948,321,2376,463,8^83616540020333003662,10,1960,1324,2388,1458,9^,10,1954,492,2382,618,10^,10,1300,1126,1728,1260,11^,10,1312,1623,1740,1765,12^83616540020331402242,10,1960,1156,2388,1290,13^83616540020360473568,10,1299,796,1735,930,14^,10,1950,1654,2370,1788,15^83616540020383990622,10,1300,466,1728,600,16^83616540020381480871,10,1950,1809,2370,1951,17^,10,1954,988,2382,1122,18^83616540020379720146,10,1960,658,2388,792,19^,10,1996,820,2382,954,20 0.088s
test/images\overexposure_5.jpg 83616540020379720146,10,2230,1078,2364,1506,1^,10,2400,1084,2526,1512,2^83616540020331402242,10,1734,1072,1860,1500,3^83616540020360099749,10,1431,418,1573,846,4^83616540020383454902,10,1101,418,1243,846,5^83616540020360473568,10,2098,423,2232,859,6^83616540020333003662,10,1570,1065,1704,1501,7^83616540020331884072,10,2070,1080,2196,1500,8^83616540020360314723,10,2589,448,2731,876,9^,10,1270,418,1404,846,10^83616540020361277779,10,2266,430,2400,858,11^83616540020379409980,10,1242,1054,1368,1482,12^83616540020332685902,10,1404,1060,1530,1488,13^,10,1936,411,2070,847,14^,10,1770,412,1896,840,15^83616540020383990622,10,2436,436,2562,864,16^83616540020332521699,10,2560,1072,2694,1500,17^83616540020381480871,10,1072,1042,1206,1470,18^,10,1906,1072,2040,1500,19^83616540020360736244,10,1608,412,1734,840,20 0.089s
test/images\overexposure_6.jpg ,10,2428,880,2562,1308,1^83616540020332685902,10,1462,1590,1596,2010,2^,10,1960,1552,2094,1980,3^83616540020333003662,10,1630,1576,1764,2004,4^,10,1300,1590,1434,2010,5^,10,2260,886,2394,1314,6^,10,2582,880,2733,1308,7^83616540020331402242,10,1792,1570,1926,1998,8^,10,2613,1498,2755,1926,9^,10,2092,898,2226,1326,10^,10,2451,1516,2593,1944,11^,10,2290,1536,2424,1956,12^83616540020381480871,10,1138,1594,1272,2022,13^83616540020331884072,10,2128,1548,2262,1968,14^,10,1930,897,2064,1333,15^,10,1424,945,1575,1381,16^,10,1593,928,1735,1356,17^,10,1100,969,1251,1405,18^,10,1269,958,1411,1386,19^,10,1762,922,1896,1350,20 0.088s
test/images\overexposure_dark_1.jpg ,10,2210,174,2319,594,1^,10,2059,180,2176,600,2^,10,1453,186,1570,606,3^,10,1297,192,1414,612,4^,10,1903,192,2020,612,5^,10,1759,180,1876,600,6^,10,1609,186,1726,606,7^,10,1129,186,1246,606,8^,10,2346,162,2472,582,9^,10,979,178,1096,606,10 0.057s
test/images\overexposure_dark_10.jpg ,10,1101,567,1411,709,1^,10,2289,1683,2599,1825,2^,10,1215,1694,1525,1845,3^,10,2025,1682,2335,1833,4^,10,2289,1413,2599,1555,5^,10,1173,903,1483,1045,6^,10,2019,1426,2329,1560,7^,10,1444,906,1746,1032,8^,10,2247,879,2557,1021,9^,10,1485,1431,1795,1573,10^,10,2181,542,2491,693,11^,10,1485,1688,1795,1839,12^,10,2168,267,2487,409,13^,10,1712,1168,2031,1302,14^,10,1983,1149,2293,1291,15^,10,1749,1419,2059,1561,16^,10,1088,296,1407,447,17^,10,1449,1161,1759,1303,18^,10,1898,278,2217,429,19^,10,1179,1166,1489,1317,20^,10,1215,1436,1525,1587,21^,10,1359,291,1669,433,22^,10,2258,1142,2577,1293,23^,10,1622,276,1941,444,24^,10,1641,555,1951,697,25^,10,1754,1689,2073,1831,26^,10,1713,906,2023,1032,27^,10,1990,888,2292,1014,28^,10,1911,555,2221,697,29^,10,1357,544,1684,720,30 0.096s
test/images\overexposure_dark_11.jpg ,10,1143,1093,1285,1504,1^84200050027841925489,10,1341,649,1483,1060,2^,10,2342,642,2493,1062,3^,10,2151,1087,2293,1498,4^84200050027841523588,10,2139,642,2281,1062,5^,10,1137,649,1279,1060,6^,10,1347,1092,1489,1512,7^,10,2539,648,2698,1068,8^,10,939,649,1081,1060,9^84200050027841122257,10,2349,1093,2491,1504,10^,10,1947,648,2089,1068,11^,10,1539,649,1681,1060,12^,10,945,1093,1087,1504,13^,10,735,649,877,1060,14^,10,1947,1092,2089,1512,15^84200050027841225610,10,2547,1092,2689,1512,16^84200050027840723882,10,1545,1098,1687,1518,17^,10,1750,662,1884,1065,18^84200050027726385070,10,741,1105,883,1516,19^,10,1749,1099,1891,1510,20 0.088s
test/images\overexposure_dark_12.jpg ,10,2682,702,3018,828,1^,10,631,426,958,552,2^,10,1657,1530,1984,1656,3^,10,1657,396,1984,522,4^,10,637,708,964,834,5^,10,643,990,970,1116,6^,10,637,1554,964,1680,7^,10,2671,1548,2998,1674,8^,10,644,1272,963,1398,9^,10,2677,420,3004,546,10^,10,2683,984,3010,1110,11^,10,2677,1266,3004,1392,12^,10,1644,1248,1980,1374,13^,10,1650,966,1986,1092,14^,10,1645,676,1972,810,15 0.058s
test/images\overexposure_dark_2.jpg ,10,1195,1327,1606,1444,1^,10,1201,1177,1612,1294,2^,10,1208,1477,1611,1594,3^,10,1219,1621,1630,1738,4^,10,1225,1758,1636,1884,5^,10,1195,1027,1606,1144,6^,10,1180,715,1608,832,7^,10,1194,877,1614,994,8^,10,1173,552,1609,678,9^,10,1173,396,1609,522,10 0.063s
test/images\overexposure_dark_3.jpg 81644230009851588492,10,2347,1230,2758,1356,1^,10,2340,343,2760,460,2^,10,2341,1086,2752,1212,3^,10,2340,193,2760,310,4^,10,2341,937,2752,1054,5^,10,2353,1381,2764,1498,6^,10,2377,1518,2788,1644,7^,10,2341,637,2752,754,8^,10,2335,487,2746,604,9^,10,2341,787,2752,904,10 0.056s
test/images\overexposure_dark_4.jpg ,10,1579,1453,1696,1864,1^,10,943,674,1354,783,2^81644230009863630479,10,937,1117,1348,1234,3^81644230010223534681,10,2179,1448,2296,1851,4^,10,955,529,1366,646,5^81644230010223382232,10,2324,1454,2433,1857,6^81644230010224432854,10,1873,1434,1990,1854,7^,10,961,379,1372,496,8^,10,943,823,1354,940,9^,10,937,1561,1348,1678,10^81644230009851588492,10,931,1411,1342,1528,11^81644230010057483119,10,2611,1459,2728,1870,12^81644230009851731214,10,931,1267,1342,1384,13^81644230010441480938,10,2461,1447,2578,1858,14^81644230009863782431,10,943,973,1354,1090,15^81644230010213340011,10,1724,1447,1833,1858,16^,10,2023,1441,2140,1852,17^81644230009850839250,10,961,1699,1372,1816,18^,10,2742,1465,2868,1876,19^,10,1436,1459,1545,1870,20 0.08s
test/images\overexposure_dark_5.jpg ,10,1918,1690,2220,1824,1^,10,1113,1964,1423,2115,2^,10,1642,1690,1944,1824,3^,10,2181,1683,2491,1825,4^,10,1108,1701,1410,1843,5^,10,2181,1947,2491,2089,6^,10,1378,1695,1680,1837,7^,10,1635,1150,1945,1284,8^,10,1377,1959,1687,2101,9^,10,1371,1420,1681,1554,10^,10,1911,1414,2221,1548,11^,10,1101,1155,1411,1297,12^,10,2181,1407,2491,1549,13^,10,1641,1412,1951,1563,14^,10,1918,1953,2220,2095,15^,10,1108,1425,1410,1567,16^,10,1365,1156,1675,1290,17^,10,1641,1960,1951,2094,18^,10,2175,1144,2485,1278,19^,10,1905,1143,2215,1285,20 0.076s
test/images\overexposure_dark_6.jpg ,10,2516,1065,2667,1375,1^,10,1142,1348,1293,1650,2^,10,2478,248,2646,567,3^,10,2522,1329,2673,1639,4^,10,2258,1347,2409,1657,5^,10,2511,795,2653,1105,6^,10,2491,519,2650,829,7^,10,1402,802,1536,1104,8^,10,1137,1077,1279,1387,9^,10,1369,261,1528,571,10^,10,1105,266,1264,585,11^,10,1414,1342,1548,1644,12^,10,1390,531,1524,841,13^,10,1408,1077,1542,1387,14^,10,2253,1078,2395,1380,15^,10,1134,801,1260,1111,16^,10,1119,537,1261,847,17^,10,2250,808,2376,1110,18^,10,2238,538,2364,840,19^,10,2204,261,2397,571,20 0.081s
test/images\overexposure_dark_7.jpg ,10,1323,1316,1633,1467,1^,10,1053,1316,1363,1467,2^,10,2115,1928,2425,2079,3^,10,1869,1328,2179,1479,4^,10,1041,1910,1351,2061,5^,10,2133,1328,2443,1479,6^,10,1582,1660,1884,1794,7^,10,1593,1322,1903,1473,8^,10,1852,1666,2154,1800,9^,10,2115,1665,2425,1807,10^,10,1042,1647,1344,1789,11^,10,1312,1653,1614,1795,12^,10,1305,1916,1615,2067,13^,10,1846,1930,2148,2064,14^,10,1051,1052,1378,1203,15^,10,1568,1923,1887,2065,16^,10,1323,1053,1633,1195,17^,10,1863,1065,2173,1207,18^,10,2132,1054,2451,1230,19^,10,1593,1060,1903,1194,20 0.077s
test/images\overexposure_dark_8.jpg ,10,782,933,933,1243,1^,10,518,945,669,1255,2^,10,1110,939,1278,1249,3^,10,776,663,927,973,4^,10,788,1204,939,1506,5^,10,794,1473,945,1783,6^,10,1105,669,1264,979,7^,10,763,393,922,703,8^,10,1111,1209,1270,1519,9^,10,530,1479,681,1789,10^,10,524,1209,675,1519,11^,10,1116,1479,1284,1789,12^,10,511,675,670,985,13^,10,1104,398,1272,717,14^,10,499,405,658,715,15^,10,1383,676,1525,978,16^,10,1383,393,1525,703,17^,10,1389,939,1531,1249,18^,10,1374,1472,1542,1791,19^,10,1382,1209,1533,1519,20 0.074s
test/images\overexposure_dark_9.jpg ,10,2149,1509,2308,1819,1^,10,1022,1534,1173,1836,2^,10,2407,1504,2566,1806,3^,10,2413,1233,2572,1543,4^,10,998,453,1149,763,5^,10,1010,993,1161,1303,6^,10,1609,1540,1768,1842,7^,10,1610,1269,1761,1579,8^,10,1016,1263,1167,1573,9^,10,1281,987,1423,1297,10^,10,1279,1264,1438,1566,11^,10,1866,1533,2034,1843,12^,10,1267,453,1426,763,13^,10,2145,970,2287,1272,14^,10,1888,992,2022,1311,15^,10,2137,699,2296,1009,16^,10,1874,1263,2025,1573,17^,10,1611,999,1753,1309,18^,10,2407,962,2566,1281,19^,10,2414,422,2565,741,20^,10,1284,717,1410,1027,21^,10,1605,459,1747,769,22^,10,1005,729,1147,1039,23^,10,1882,446,2016,765,24^,10,1279,1528,1438,1830,25^,10,2152,1240,2286,1542,26^,10,2392,699,2568,1009,27^,10,1890,723,2016,1033,28^,10,2143,424,2302,726,29^,10,1606,726,1740,1020,30 0.102s
test/images\tilted_1.jpg 6926423191313,10,2671,1414,2956,1800,1^,10,1336,609,1638,1003,2^,10,2514,1330,2808,1716,3^6926423191313,10,1486,705,1788,1099,4^,10,2371,1240,2656,1626,5^,10,2218,1150,2520,1536,6^,10,2070,1060,2364,1446,7^,10,1788,879,2082,1273,8^,10,1630,798,1932,1176,9^,10,1911,963,2221,1357,10 0.096s
test/images\tilted_2.jpg 6926423191313,10,2568,1330,2862,1716,1^,10,1252,514,1554,900,2^,10,2418,1248,2712,1626,3^,10,2274,1150,2568,1536,4^,10,1396,610,1698,996,5^,10,1540,694,1842,1080,6^,10,2124,1060,2418,1446,7^,10,1684,784,1986,1170,8^,10,1993,964,2278,1350,9^,10,1807,876,2134,1254,10 0.088s
